2.187362937759396
2.196112094990929
2.2049869946268523
2.2142236158245154
2.2236821935385773
2.2333613389892664
2.24335786187556
2.2532615431738194
2.263111399224037
2.272862481004745
2.2826990989938074
2.292848306869537
2.303658808252813
2.313890508584386
2.3240879269333217
2.334249779343262
2.344511045086975
2.3547558983945773
2.3649479508528675
2.3751350136543277
2.384649902952892
2.3948256428006878
2.405015859650139
2.4152015498141433
2.4255244658279027
2.436164130345171
2.446821665299843
2.6090448817708336
2.618134177755042
2.6269850072727907
2.635931205235382
2.6450868210323044
2.6544049628234947
2.663668390904692
2.6724738885483705
2.6810789319050854
2.6894174454323254
2.6975214813566324
2.705372054080646
2.7131596431904357
2.720717115907448
2.7280655108078755
2.7352867254755884
2.7424742843516707
2.749549978511026
2.7565212697172874
2.7633494696410685
2.770099552015928
2.7767396568161082
2.7833075219560266
2.789738601420596
2.796118664067266
2.802464350516214
2.8087851261476677
2.815132678024571
2.8214609015503407
2.8277821168703356
2.834263089495373
2.840879972002075
2.847759347518108
2.8549008736353376
2.861978458399819
2.869172234295116
2.8764108177889094
2.883813413889203
2.891313301007399
2.8990383541155342
2.9071748286888552
2.915825475891971
2.9258021485155754
3.0004269626519076
3.009362957942796
3.01856970255772
3.0280128733506126
3.037890056638652
3.048265037389628
3.0593459657550883
3.0701573195190486
3.0811734860311586
3.0922843053078837
3.1030479136685396
3.11390879433015
3.1249883261805023
3.1365062621919053
3.1480551069358476
3.159697180179412
3.1719364860017487
3.3155488416175345
3.326054452160973
3.336744972400693
3.3480788166607804
3.359920536210141
3.3716745346133856
3.3833880769408373
3.3950026164311877
3.406494047220871
3.4175637028927484
3.428632186663128
3.439944814583809
3.4509723368209433
3.4619403578109016
3.4726894321927286
3.484528408621698
3.5751167236479278
3.577389116129401
3.5795663956436288
3.5816926065318127
3.583929863418235
3.5860925677695543
3.588186197186869
3.590304902326021
3.5924954049768165
3.5945061722628573
3.621113745891606
3.6317134581672983
3.642362945970883
3.6531410699997044
3.6641948869522176
3.675495214227602
3.6869986179674945
3.69911746031746
3.7108029576497765
3.7227363805632128
3.7348349726218957
3.747160216345809
3.7598604415443018
3.7738575038890207
3.850371388364062
3.8614702901784788
3.873278248563243
3.8850290737964044
3.89613362689194
3.9073540346609072
3.918952119309262
3.9304931171679756
3.9421822031468547
3.9536347229018696
3.965076015430545
3.9766000949715457
4.160762049730115
4.171383682072291
4.181973612072056
4.192797756599579
4.203540554363136
4.214061467224118
4.224646432824176
4.235322115949696
4.246026720139054
4.256919359863221
4.268611366380202
4.279548476496224
4.290567704824053
4.301566093032676
4.312566177481625
4.3240430621783625
4.337017325297327
4.351499181904454
4.431207373955285
4.441886727201232
4.452886491350957
4.464155873928547
4.475584486668231
4.48728756932674
4.499256317894187
4.618985950258279
4.630036881143686
4.640799670522243
4.651716752518962
4.662666373510785
4.673739609803727
4.684937507125578
4.69623324855401
4.707541245073152
4.718470748299319
4.72944357188271
4.740572680064954
4.751794608882507
4.763159893737688
4.774711902212101
4.7869306861974765
4.799640616460427
4.8125326599655045
4.976162183811192
4.987752601786273
4.99965768707483
5.011578065534164
5.023535762560911
5.036246852519613
5.152674095296378
5.163405691753215
5.174282354917276
5.185808380254198
5.197506032043829
5.209408345138401
5.223045864125323
5.312361596798178
5.323924901429937
5.335879805285647
5.347933806589339
5.360138993097238
5.372046403719721
5.3838471925641125
5.419938825497599
5.432226833580921
5.445046281279697
5.457654860987672
5.468605237978026
5.4793217439046416
5.489911948386459
5.49993495729691
5.509938062965647
5.520143637064199
5.530040946740598
5.539616785158847
5.548800730048116
5.557477638131647
5.5660215534187145
5.574406127790803
5.582491709228032
5.590295538414843
5.597861320205991
5.605141780074766
5.612317463795781
5.6194500839354795
5.626452812107264
5.633559195659358
5.640504154894673
5.647518326032764
5.654310421136385
5.661174000962312
5.667926775221706
5.674472148615017
5.680710659554604
5.6868323098388425
